PreprocessorDefinitions=
Techniques=FXAA,LumaSharpen,Curves,DPX,LiftGammaGain,FilmGrain,Vignette
TechniqueSorting=FXAA,LumaSharpen,Curves,DPX,LiftGammaGain,FilmGrain,Vignette

[FXAA.fx]
Subpix=0.250000
EdgeThreshold=0.125000
EdgeThresholdMin=0.031200

[LumaSharpen.fx]
sharp_strength=0.400000
sharp_clamp=0.035000
pattern=1
offset_bias=1.000000
show_sharpen=0

[Curves.fx]
Mode=0
Formula=4
Contrast=0.200000

[DPX.fx]
Strength=0.200000
RGB_Curve=8.000000,8.000000,8.000000
RGB_C=0.360000,0.360000,0.340000
Contrast=0.100000
Saturation=3.000000
Colorfulness=2.500000

[LiftGammaGain.fx]
RGB_Lift=1.020000,1.010000,0.980000
RGB_Gamma=0.970000,0.980000,1.000000
RGB_Gain=1.030000,1.010000,0.970000

[FilmGrain.fx]
Intensity=0.300000
Variance=0.400000
Mean=0.500000
SignalToNoiseRatio=6

[Vignette.fx]
Type=0
Ratio=1.000000
Radius=2.000000
Amount=-0.400000
Slope=8
Center=0.500000,0.500000
